seed live_end qmin_over_run(step) max_q_lt1000(step) last_sample_with_q_lt1000 samples_live>=5511_after_step2000 live_min_after2000 live_max_after2000 qmin_end lt1000_end
1001 3105 0.00055(0) 194(0) 200 0/999 3105 5509 8653.79 0
1002 5341 0.0166(0) 205(0) 1000000 54/999 4577 5512 604.972 26
1003 5511 2.17e-05(100) 187(0) 200 30/999 4580 5512 8782.95 0
1004 4878 0.0625(0) 191(0) 200 0/999 4421 5508 8267.36 0
1005 4095 2.86e-05(0) 191(0) 200 30/999 3961 5512 6830.24 0
1006 4482 0.111(50) 204(0) 150 92/999 4482 5512 7403.18 0
1007 5508 4.42e-06(0) 183(0) 200 341/999 5081 5512 7039.36 0
1008 4874 0.0264(150) 189(0) 300 0/999 4779 5506 6735.4 0
1009 3237 0.00508(100) 206(0) 150 5/999 3237 5512 8199.22 0
1010 2693 0.0121(100) 209(0) 500 0/999 2693 5510 8611.27 0
1011 5403 0.0193(150) 201(0) 1000000 162/999 4856 5512 165.284 1
1012 4437 0.00981(100) 225(0) 150 49/999 4052 5512 7851.63 0
1013 3841 0.015(50) 189(0) 200 0/999 3841 5507 7742.84 0
1014 5510 0.00431(50) 203(0) 992000 440/999 5273 5512 1657.61 0
1015 3752 3.26e-05(0) 195(0) 200 2/999 3752 5512 9233.34 0
1234 3904 7.92e-05(100) 209(0) 150 0/999 3446 5506 7171.16 0
